Lines 51.0 50.0 51.0 476.0 0 0 0
Lines 50.0 50.0 551.0 50.0 0 0 0
Lines 553.0 126.0 553.0 550.0 0 0 0
Lines 51.0 552.0 551.0 552.0 0 0 0
Lines 50.0 175.0 124.0 175.0 0 0 0
Lines 125.0 550.0 125.0 451.0 0 0 0
Lines 51.0 374.0 125.0 374.0 0 0 0
Lines 123.0 112.0 123.0 176.0 0 0 0
Lines 268.0 548.0 268.0 477.0 0 0 0
Lines 269.0 477.0 200.0 477.0 0 0 0
Lines 125.0 451.0 125.0 424.0 0 0 0
Lines 125.0 176.0 125.0 248.0 0 0 0
Lines 124.0 111.0 199.0 111.0 0 0 0
Lines 260.0 155.0 260.0 100.0 0 0 0
Lines 261.0 98.0 330.0 98.0 0 0 0
Lines 330.0 96.0 330.0 310.0 0 0 0
Lines 250.0 205.0 250.0 351.0 0 0 0
Lines 189.0 366.0 189.0 422.0 0 0 0
Lines 475.0 51.0 475.0 177.0 0 0 0
Lines 480.0 226.0 480.0 449.0 0 0 0
Lines 250.0 351.0 250.0 364.0 0 0 0
Lines 430.0 362.0 430.0 296.0 0 0 0
Circle 432.5 473.5 23.0 true 255 255 0
Circle 80.5 142.5 21.0 true 51 0 255
Circle 440.5 78.5 19.0 true 51 255 102
Circle 232.5 518.5 21.0 true 255 102 255
Rectangles 88.0 512.5 26.0 25.0 true 255 204 204
TextBox 43.0 582.0 START 20 51 204 0 true
TextBox 584.0 78.0 FINISH 20 51 51 255 false
Lines 126.0 425.0 275.0 425.0 0 0 0
Lines 351.0 475.0 351.0 365.0 0 0 0
Lines 400.0 451.0 400.0 500.0 0 0 0
Lines 400.0 500.0 475.0 500.0 0 0 0
Lines 401.0 450.0 552.0 450.0 0 0 0
Lines 251.0 364.0 430.0 364.0 0 0 0
Lines 479.0 226.0 331.0 226.0 0 0 0
Lines 331.0 309.0 375.0 309.0 0 0 0
Lines 125.0 250.0 251.0 250.0 0 0 0
Lines 192.0 154.0 192.0 200.0 0 0 0
Lines 193.0 153.0 259.0 153.0 0 0 0
Lines 400.0 100.0 475.0 100.0 0 0 0
Lines 125.0 248.0 125.0 326.0 0 0 0
